4190
Revs[x] Power[mW]
0       138
1       137.5
2       137
3       136.5
4       136
5       135.5
5.5     133.5
6       130.5
6.5     125.5
6.75    123
7       120
7.25    117
7.5     114.5
7.75    110.5
8       108
8.125   106
8.25    104.5
8.375   102.5
8.5     100.5
8.625   98.5
8.75    97
8.875   95
9       93
9.125   91.5
9.25    89
9.375   87
9.5     85.5
9.625   83
9.75    81
9.875   79.5
10      77
10.125  74.5
10.25   72.5
10.375  70.5
10.5    68
10.625  66
10.75   63.5
10.875  61.5
11      59
11.25   54.5
11.5    49.5
11.75   45
12      41
12.25   36.5
12.5    32
12.75   27.7
13      24
13.25   20.2
13.5    17.4
13.75   14.6
14      12
14.5    8
15      4.3
15.5    1.8
16      0.8
17      0.3
18      0.2