4190
Revs[x] Power[mW]
0       130
1       130
2       129
1.5     127
2       122
2.25    119
2.5     117
2.75    115
3       112
3.125   111
3.25    110.5
3.375   110
3.5     108.5
3.625   106.5
3.75    105
3.875   104
4       101.5
4.125   100
4.25    98
4.375   95.5
4.5     93
4.625   91.5
4.75    89
4.875   87
5       85
5.125   83
5.25    80
5.375   78.5
5.5     76
5.625   74
5.75    71
5.875   69
6       66.5
6.125   64
6.25    62
6.375   59.5
6.5     56.5
6.625   54.5
6.75    52
6.875   50
7       47.5
7.125   46
7.25    43
7.375   41
7.5     38.5
7.625   36.5
7.75    34
7.875   32.5
8       30
8.125   28.5
8.25    26
8.375   24.5
8.5     22.5
8.75    19
9       15.9
9.25    13
9.5     10.6
9.75    8.4
10      6.6
10.25   4.8
10.5    3.3
11      1.4
11.5    0.64
12      0.35
13      0.23
14      0.17
15      0.17