4190
Revs[x] Power[mW]
0       153
1       152.5
2       149
2.5     146
3       142.5
3.25    140.5
3.5     138
3.75    135.5
4       133.5
4.125   132
4.25    131
4.375   130
4.5     129
4.625   127
4.75    126
4.875   125
5       124
5.125   123
5.25    121.5
5.375   120.5
5.5     119
5.625   117
5.75    116
5.875   115
6       114
6.125   113
6.25    111.5
6.375   110
6.5     109
6.625   108
6.75    106
6.875   104.5
7       103
7.125   101
7.25    99.5
7.375   98
7.5     96
7.625   94
7.75    92.5
7.875   91
8       89
8.125   87.5
8.25    85.5
8.375   84
8.5     81.5
8.625   79
8.75    77.5
8.875   75.5
9       74
9.125   72
9.25    70
9.375   68
9.5     66
9.625   64
9.75    61.5
9.875   59.2
10      57.4
10.125  55.5
10.25   53.5
10.375  51.5
10.5    49.3
10.625  47
10.75   45
10.875  43.5
11      41.6
11.25   38.3
11.5    34.5
11.75   31
12      28.2
12.25   25
12.5    22.3
12.75   19.5
13      16.9
13.25   14.7
13.5    12.4
13.75   10.2
14      8.4
14.5    5.5
15      3.3
15.5    1.9
16      1
17      0.4
18      0.28
19      0.22