4190
Revs[x] Power[mW]
0       128
1       126
2       125
3       124.5
4       122
4.5     119.5
5       117
5.25    115.5
5.5     114
5.75    111.5
6       110
6.125   108.5
6.25    107
6.375   106.5
6.5     105.5
6.625   104
6.75    102.5
6.875   101
7       100
7.125   99
7.25    98
7.375   97
7.5     95.5
7.625   94
7.75    93
7.875   92
8       91
8.125   89
8.25    88
8.375   86.5
8.5     84.5
8.625   83
8.75    81.5
8.875   80
9       79
9.125   78
9.25    77
9.375   75.5
9.5     73.5
9.625   72
9.75    70.5
9.875   69
10      68
10.25   65
10.5    62
10.75   59
11      56
11.25   53
11.5    50
11.75   47
12      44.5
12.25   42
12.5    39
12.75   36.5
13      34
13.25   31.5
13.5    28.7
13.75   25.7
14      23
14.25   21.1
14.5    19.3
15      15.7
15.5    12.4
16      9.3
16.5    7
17      5.2
18      2
19      0.5
20      0.23
21      0.19