4190
Revs[x] Power[mW]
0       136
1       134
1.5     128
1.75    123
1.875   119.5
2       115.5
2.125   111
2.25    107
2.375   103.5
2.5     98
2.625   93
2.75    88.5
2.875   83.5
3       79.5
3.125   74
3.25    69
3.375   65
3.5     60
3.625   55
3.75    51
3.875   47.3
4       42.8
4.125   38
4.25    34.3
4.375   31
4.5     27.7
4.625   24.3
4.75    21.4
4.875   19
5       16.5
5.25    12.1
5.5     9
5.75    6.4
6       4.5
6.5     2.3
7       1.3
8       0.5
9       0.2