4190
Revs[x] Power[mW]
0       142
1       142
1.5     140
1.75    137
2       133
2.125   130
2.25    127
2.375   124
2.5     120
2.625   116
2.75    111
2.875   107
3       102
3.125   98
3.25    92.5
3.375   88
3.5     82.5
3.625   77.5
3.75    72.5
4.875   67.5
5       63
5.125   58
5.25    52.5
5.375   48
5.5     43.5
5.625   39.6
5.75    35.3
5.875   31.9
6       28.1
6.25    22
6.5     17
6.75    12.8
7       9.6
7.25    7
7.5     5
8       2.7
8.5     1.55
9       0.96
10      0.38
11      0.17
12      0.17