Revs [x] Power [mW]
0       146
1       146
1.25    145
1.5     142.5
1.75    140
2       136.5
2.125   135
2.25    132
2.375   128.5
2.5     125.5
2.625   122.5
2.75    119.5
2.875   116.5
3       113
3.125   109.5
3.25    106.5
3.375   103
3.5     99.5
3.625   96
3.75    92
3.875   88
4       84.5
4.125   81
4.25    77.5
4.375   73
4.5     70
4.625   66
4.75    61.5
4.875   58
5       54.5
5.125   51
5.25    47.7
5.375   43.9
5.5     40.6
5.625   37.60
5.75    34.40
5.875   31.90
6       29.20
6.25    24.50
6.5     20
6.75    16.3
7       13.3
7.25    10.5
7.5     8.4
7.75    6.6
8       5.1
8.5     3.2
9       2.1
10      1
11      0.5
12      0.25
13      0.17