4190
Revs[x] Power[mW]
0       128
1       125
1.5     121
1.75    118.5
2       116
2.25    112.5
2.5     109
2.75    104.5
3       100
3.125   97
3.25    93
3.375   89.5
3.5     87
3.625   85.5
3.75    81
3.875   77.5
4       74
4.125   71
4.25    68.5
4.375   65.5
4.5     63.5
4.625   60.5
4.75    57
4.875   54.5
5       51.5
5.125   48.5
5.25    46
5.375   43
5.5     40
5.625   37.5
5.75    35
5.875   32.7
6       30
6.25    26
6.5     22
6.75    18.6
7       15.6
7.25    13.1
7.5     10.7
7.75    8.6
8       7.1
8.5     4.5
9       3
9.5     2
10      1.3
11      0.7
12      0.4
13      0.2