1990
Revs[x] Pwer[mW]
0       27.80
1       27.45
2       26.75
2.5     26.30
3       25.70
3.5     25.10
4       24.30
4.25    24.00
4.5     23.60
4.75    23.20
5       22.60
5.25    22.05
5.5     21.50
5.75    20.90
6       20.20
6.25    19.65
6.5     19.00
6.625   18.75
6.75    18.40
6.875   18.15
7       17.75
7.125   17.40
7.25    17.05
7.375   16.80
7.5     16.40
7.625   16.05
7.75    15.60
7.875   15.30
8       14.85
8.125   14.50
8.25    14.10
8.375   13.80
8.5     13.35
8.625   12.90
8.75    12.50
8.875   12.15
9       11.70
9.25    11.05
9.5     10.40
9.75    9.80
10      9.15
10.25   8.60
10.5    8.00
10.75   7.40
11      6.70
11.25   6.20
11.5    5.60
11.75   5.15
12      4.70
12.5    3.95
13      3.25
13.5    2.70
14      2.15
15      1.30
16      0.70
17      0.35
18      0.14
19      0.10
20      0.10

4190
Revs[x] Power[mW]
0       240
1       236
1.5     232
2       228.5
2.5     224
3       218
3.25    215
3.5     210
3.75    208
4       204
4.25    200
4.5     195
4.75    191
5       185
5.25    181
5.5     174.5
5.75    169.5
6       163
6.125   160.5
6.25    157.5
6.375   155
6.5     151
6.625   149.5
6.75    146
6.875   144
7       140
7.125   137
7.25    134
7.375   131
7.5     127.5
7.625   124.5
7.75    122
7.875   119
8       115
8.125   111.5
8.25    108
8.375   105
8.5     100
8.625   96.5
8.75    93
8.875   90
9       87
9.25    82
9.5     77
9.75    73
10      67.5
10.25   63.5
10.5    58
10.75   54
11      49.5
11.25   45.3
11.5    41.6
11.75   38.5
12      35
12.25   32
12.5    29.2
12.75   26.7
13      24
13.5    19.5
14      15.4
14.5    11.8
15      8.9
15.5    6.5
16      4.5
17      1.8
18      0.25
19      0.10
20      0.05
20.5    0.05